time,x,y,z,phi,theta,psi,x_velocity,y_velocity,z_velocity,phi_velocity,theta_velocity,psi_velocity,rotor_speed1,rotor_speed2,rotor_speed3,rotor_speed4
0.06,-4.877933787849077e-07,7.572334595870237e-09,10.002016318230366,1.0219702334168801e-05,0.0004343500229913033,0.0,-4.021433801270267e-05,7.509452219047843e-07,0.06720840415213282,0.0005088572375878586,0.018779124837617754,0.0,424.7171784041852,426.3243968361553,427.19354317756,427.23691920292003
0.12000000000000001,-1.599136941991433e-05,3.9483156322213603e-07,10.008640772449587,6.728998813443354e-05,0.0016437120783150405,0.0,-0.0005935015125185086,1.655181956659862e-05,0.15359826784619468,0.0018215126755165094,0.022776460640506854,0.0,432.57812171642155,432.91452682902207,432.3387522295376,432.44929506086356
0.18,-9.273559304168785e-05,3.944398539492654e-06,10.021644069092625,0.0007030792115871876,0.003395636099838839,0.0,-0.002132232050069943,0.0001455681540239281,0.2798213636266154,0.02403470244421095,0.039664697240313726,0.0,444.7556516860459,446.1367031138121,444.0046710484414,445.8229476089943
0.23999999999999996,-0.00031760538651244314,3.709532691257144e-05,10.046058886746252,0.00190365405203341,0.0054389578668088134,0.0,-0.005643443885397153,0.0011262533344420383,0.5339201872432242,0.010413991335536185,0.01942593732090716,0.0,483.424475989196,481.8976521804991,484.7405422310933,483.71601603894294
0.3,-0.0007895830869995969,0.0001520881680136587,10.083933708523286,0.0021693093396937257,0.00698688884500509,0.0,-0.010248668403061862,0.0027629571985003107,0.7284686833455026,-0.011575556784768133,0.03619883215100175,0.0,465.68935351343174,466.9994003468677,467.0418673678894,465.32386163369597
0.36000000000000004,-0.0015787976538190196,0.0003659319205159432,10.13356378440835,0.0014038892479293352,0.008740729065218389,0.0,-0.016292999717931314,0.004280038775140324,0.9257263821082033,-0.015231212024596798,0.009240910765744877,0.0,467.5309739644073,465.42634731664424,468.2897386136003,468.0054572650161
0.4200000000000001,-0.0027381125287370524,0.0006483758224951457,10.19200568782207,0.0007439332304235435,0.009198265372361902,0.0,-0.02240169442354674,0.005055923647241426,1.0222549122152123,-0.0036526495077639242,0.00418160857716425,0.0,437.56210845442763,437.14066345146256,435.53807837950325,436.5053816486262
0.48000000000000015,-0.004259304064832022,0.0009654071630292258,10.254777614049656,0.0007818658321614436,0.009939507472209286,0.0,-0.028354507104417916,0.005504288634998736,1.0700982718896177,0.00805938910019288,0.025064584449853586,0.0,419.5051881638035,421.3143227872043,421.2968097573002,422.30813683716815
0.5400000000000001,-0.006170246834786913,0.0013140925249527922,10.321852122239648,0.001722114253627005,0.011195041248181603,0.0,-0.03548415812795917,0.006193866148892316,1.1656241428430514,0.027683814382424413,0.010999908367411508,0.0,437.6304491845548,436.45832435962,435.44047368522376,437.07881359780293
0.6000000000000002,-0.008567493942488048,0.0017340728879953016,10.39783298679525,0.0035977793773653843,0.01175724132152034,0.0,-0.044493400076537494,0.008012847060646349,1.3668511264377499,0.03759572174617436,0.005892786562476077,0.0,469.0321518529681,468.6352649440673,469.3470622689129,470.1159054692047
0.6600000000000003,-0.011498068209594916,0.002304443364456106,10.484254623922368,0.006542036239559401,0.012123419489151743,0.0,-0.053229525148504084,0.011289043937050342,1.5136851808433944,0.06551816572870277,0.0065200727379276565,0.0,453.9314843774556,453.9817121824747,451.664409186207,453.91188335725093
0.7200000000000003,-0.014967244482319828,0.0031454659064581764,10.57994624295453,0.010295232674562449,0.012960635373100438,0.0,-0.06247875093246717,0.01717146348569039,1.6758074183944132,0.05584703910509143,0.02574151582443331,0.0,456.966343443604,458.49577827976924,459.5243634851279,458.7598264345919
0.7800000000000004,-0.0189772903881668,0.004390915023835519,10.682555325271968,0.013440184225864904,0.014525255199005827,0.0,-0.07133951747984046,0.024659576229501715,1.7443869443613094,0.044479491255132404,0.026739564364258936,0.0,430.2631434791158,430.347785978983,429.45075546082563,428.4873994840853
0.8400000000000004,-0.02357340852258426,0.006167431058795971,10.79085006218763,0.01636328331064174,0.0157155159595721,0.0,-0.08201476148624312,0.03484990037750584,1.8652410231765448,0.05607323337436675,0.0001381120968518071,0.0,447.57495469629674,445.40482496013215,445.9906848481454,446.93797555779025
0.9000000000000005,-0.028854410493918153,0.008648093203224594,10.908010876618059,0.0201703760970231,0.015415291278685572,0.0,-0.09400082307653125,0.04824249502006768,2.0398168422078595,0.07516487538245024,-0.018042400530305293,0.0,464.39023859932104,462.9621346815243,462.2340997821886,463.7387599591214
0.9600000000000005,-0.034794293002212276,0.011955484620660664,11.032395212813581,0.02461915644304291,0.01481151273807857,0.0,-0.10391525960670053,0.06243601057011141,2.1061985824682012,0.07202848475978442,0.002409927506056819,0.0,428.89144810094706,430.625010418985,430.9247148229666,430.66400423464756
1.0200000000000005,-0.04136409766438023,0.01627490855725464,11.163661104317066,0.028717236085310738,0.014751429627202661,0.0,-0.11507978033712264,0.08200677147313243,2.269008733527793,0.05955460634196049,-0.008888338686466579,0.0,460.03608782271704,459.1406616729537,462.30357286391956,461.32299783890784
1.0800000000000005,-0.04858399215657977,0.021826958462960684,11.303624966689593,0.031764272429061435,0.014027589507488614,0.0,-0.12551421506600371,0.1034181755020209,2.396183939936545,0.02061551402458714,-0.019322472057954496,0.0,450.84885376795427,450.00517552896065,452.1177928655983,448.9710442118398
1.1400000000000006,-0.05646016906681777,0.028830940469488652,11.454696627654075,0.03313899646830354,0.01287923497324428,0.0,-0.1368760119103931,0.13019196596326169,2.63900499848308,0.02714899965205918,-0.01877530389804807,0.0,485.38688699601516,485.42802655326324,485.3020809769991,485.79220938748443
1.2000000000000006,-0.06492540371444465,0.03730759777993356,11.615265566403433,0.03470122075327797,0.0113094911727174,0.0,-0.14517136926998675,0.15251389360056938,2.713114339037522,0.023715282713608694,-0.04809910242719261,0.0,436.35218063726995,433.89702401129927,436.05504253858794,435.76825698819164
1.2600000000000007,-0.07383691755636566,0.04710925092019583,11.779005195007688,0.03610663591065588,0.008438439345262339,0.0,-0.15161430039959242,0.17433479593429468,2.7447944423406407,0.02283378724735691,-0.04735911607926034,0.0,421.8699184518051,421.93228329444526,422.35848013706436,422.2825329867176
1.3200000000000007,-0.08312124530736238,0.05842387777649176,11.949536119820008,0.037205114560818764,0.006092294712897406,0.0,-0.15756352931754958,0.20294687040886683,2.939085749242377,0.007227295904554818,-0.026291417935592344,0.0,472.627667467002,474.2478481761458,473.0845543491127,471.8812930347738
1.3800000000000008,-0.09269741610284063,0.07138222997455622,12.129162847964635,0.03826065588129701,0.0045243385818638515,0.0,-0.16147835912194453,0.22906931987444484,3.048182837154628,0.03285045035411763,-0.02581689134799259,0.0,448.78543328738465,448.8238176753879,446.47052550531856,448.5561713931703
1.4400000000000008,-0.10245378061176971,0.08573440942950919,12.310144216532624,0.040157778315850656,0.002942256833439849,0.0,-0.16361303067762084,0.24949291289472197,2.9846904136960433,0.02903436581955574,-0.027493564032864983,0.0,391.21196891758564,391.0555625193431,391.92114960911596,391.56679599451354
1.5000000000000009,-0.11232638784624129,0.10154461005935742,12.492318244841245,0.04256845643783702,0.0013776362937356623,0.0,-0.16530901193414657,0.2777206185657354,3.087493328996038,0.05627632325040291,-0.023384953379098204,0.0,447.2300097098,447.56439938067524,444.44990394977754,446.67783129418814
1.560000000000001,-0.122266891978991,0.11900887698092455,12.678453452167803,0.04638199975156532,0.00014980395421559933,0.0,-0.1659213148090267,0.30474897023355374,3.116915190158031,0.07515012804126926,-0.015182847604706326,0.0,422.236264225188,422.94328082358373,423.71506609544224,425.3376463493023
1.620000000000001,-0.13222282174125016,0.13826992945041602,12.868486488865672,0.05040707065392169,6.282137251081851,0.0,-0.1658379130291183,0.3377167387385081,3.2172150783445477,0.04156339419274094,-0.03183787223660698,0.0,446.91797748351485,445.5583827722395,448.1903118844314,445.4551923922251
1.680000000000001,-0.1421371975408312,0.15987443614647456,13.07023875071466,0.052691654587436965,6.279896983949403,0.0,-0.16437700002598718,0.38270067515977757,3.5069941246854004,0.029987548815733976,-0.05158354142822859,0.0,503.9835219554604,502.5537578722283,502.9504611132124,502.1118695787756
1.740000000000001,-0.15192781542941647,0.18384023573780578,13.281939571728868,0.05473490836089212,6.276719197272451,0.0,-0.16168461896530995,0.41633058142042173,3.5495526530565753,0.04114805853038705,-0.05587460291569309,0.0,430.76375384985937,430.39877403701456,430.2503319868211,431.1947464709735
1.8000000000000012,-0.1614772004152098,0.21000940981159127,13.49882123920681,0.05693882202489586,6.273016536874511,0.0,-0.15626001894102537,0.45620047572437034,3.679403625197693,0.025986162039579,-0.07714879441194313,0.0,458.6930103764411,456.9975551623905,459.61125881189383,458.4085260347346
1.8600000000000012,-0.17063886806202144,0.23849800110608782,13.721454323901218,0.05795632098294945,6.268566943509949,0.0,-0.14869443508768754,0.493542045751338,3.7414794022555435,-0.015304683621114505,-0.06877026587808689,0.0,437.4325072721592,438.1252916890573,440.317629315878,436.8881649696425
1.9200000000000013,-0.17927752405732628,0.2691758179875835,13.946756861585047,0.056725145373064834,6.264243954580408,0.0,-0.1388777686770133,0.5289463863874178,3.7685125004521347,-0.033798285732445484,-0.07957837897695172,0.0,427.22964165656964,426.30275113686037,428.67003144558106,427.09546325524786
1.9800000000000013,-0.18715368574559815,0.30221010246659524,14.178287092274745,0.05456982830543655,6.25912961077562,0.0,-0.12311418870698765,0.5719185252431148,3.948555661441847,-0.040547922545728775,-0.10004036902677241,0.0,476.44854515944047,474.87580989809385,474.54196254294715,474.02304352758193
2.0400000000000014,-0.19408015594070524,0.3375142525520024,14.415880296282046,0.052931879542022386,6.252969299580322,0.0,-0.10722016704909818,0.604698822704321,3.971134599109787,-0.00906506242320558,-0.10853088417990604,0.0,427.9805460119006,427.24755579733164,425.85506666912045,428.5393986679344
2.1000000000000014,-0.19982373686581947,0.3749535287543256,14.658500391198185,0.05229938544445112,6.247144193279873,0.0,-0.08358587854268858,0.6431797331941265,4.1156705176403365,-0.013671406954190914,-0.08067462110074564,0.0,464.56432419206226,466.73555718827913,466.1846458004813,465.82468146784356
2.1600000000000015,-0.20403021200798624,0.41468076408204274,14.909693858772384,0.051832173464659625,6.242092265604807,0.0,-0.05611528884327047,0.6809600125734109,4.256907349626494,0.0019491004538792047,-0.09238473192506419,0.0,466.7160366490582,465.7955967327544,464.96920733427123,466.1915425351965
2.2200000000000015,-0.20655822777193414,0.4565639149508606,15.167380923929455,0.05180523611421073,6.23650944149578,0.0,-0.02761636052502745,0.715128044804901,4.3323483547607395,-0.005737905150645034,-0.09440475486697235,0.0,447.1665370652739,446.9946768206176,446.92303905953327,446.29601811875256
2.2800000000000016,-0.20740620267027746,0.5003400463542192,15.426624456955672,0.05155879373286876,6.23051085759875,0.0,-0.000158891632015613,0.7440485327256094,4.30916350293371,-0.0010307864456027506,-0.11446090606084645,0.0,417.1200830863636,415.3550454910267,414.4796900198247,414.8932953428383
2.3400000000000016,-0.20638249778263806,0.5459597285920161,15.686668237052762,0.05132443414791599,6.223814132653853,0.0,0.03491334765891302,0.7765758493433504,4.358732941586755,-0.01038610579597468,-0.10645357428879487,0.0,438.42230070037283,439.0759035776974,440.06782350837983,439.29274393970803
2.4000000000000017,-0.20295971931156917,0.5936651559704271,15.952453030433972,0.050793995122171864,6.217858318235937,0.0,0.07981083437381725,0.8135049826713101,4.500165475506492,-0.005916187507225678,-0.08779475016211492,0.0,466.9700588624236,468.4153042411942,468.3335183499874,468.68121250561575
2.4600000000000017,-0.19689819276662607,0.6434347965557389,16.223977879390095,0.05004461063848531,6.212308755175409,0.0,0.12273750314719478,0.8454157026909248,4.550420355082077,-0.030793730351155353,-0.10409470229551038,0.0,441.8527987932708,440.499363760979,442.2261541961905,440.17201457248945
2.520000000000002,-0.18833764074854123,0.6949686968046975,16.4959259123913,0.04812451245546345,6.205945159598361,0.0,0.16314183979280283,0.8722221974465542,4.514619163571634,-0.03453350880137722,-0.11030859133757236,0.0,413.0943462990665,412.5351378213431,414.2250747944468,413.8955663624849
2.580000000000002,-0.17690052685832794,0.7482859523724035,16.770109582979373,0.046073607987358045,6.199490404955123,0.0,0.21873701848239255,0.9047725788826574,4.624342388458002,-0.033487469753892156,-0.10261787704564357,0.0,459.49690488213736,460.0964702501475,460.2301442013728,460.31250131029816
2.640000000000002,-0.16209308606059594,0.8034576200712107,17.04970087610094,0.04365202561215753,6.19346424893671,0.0,0.2754149635957401,0.9340460333888626,4.695023562638773,-0.05992272650386643,-0.09639778735082603,0.0,447.5785576403524,448.07591828191147,451.21839900990796,449.07796240839923
2.700000000000002,-0.14392203970406728,0.8602565851336029,17.331819299388446,0.0406813267936883,6.18727711789006,0.0,0.3308114154989089,0.9589478958199162,4.708818800224219,-0.03420670966210878,-0.12201543732971538,0.0,433.60151522791693,431.43370083000667,429.48039294387456,431.65446648723537
2.760000000000002,-0.12222081469979199,0.9185344561280173,17.615668602584098,0.038561888362828256,6.179944245812543,0.0,0.3932309502146196,0.9834315508082326,4.752564881975511,-0.037657208210237055,-0.12261532969226384,0.0,441.7214785613089,441.65838299972165,441.36857129922714,441.0831148069891
2.820000000000002,-0.09657374117290006,0.9782605252322233,17.902716279682465,0.036636800559555205,6.172986105791409,0.0,0.46233082282155424,1.0072134373828145,4.815339165907081,-0.022785093115961587,-0.10521145858779105,0.0,447.44441972653976,448.8471177281818,447.3322877368079,448.54144334597595
2.880000000000002,-0.06632620773412345,1.039481081729262,18.196395897009104,0.03532739438166743,6.167112709780421,0.0,0.5465120124592182,1.0332863277560667,4.973201401114597,-0.019966506295347995,-0.0862522225461534,0.0,476.49254606302156,477.9322172492365,478.12278239854766,478.3375227255129
2.940000000000002,-0.03113710638147913,1.10216498400547,18.49751854631671,0.034738646755759106,6.161879513979013,0.0,0.6269304317474871,1.0560667261538808,5.063723968707051,0.005212380598622644,-0.08922777491053133,0.0,458.4558125398293,458.2132451400646,458.7025236327264,460.6980508060985
3.000000000000002,0.008835797758199095,1.166164685895898,18.802850665961152,0.03517763666692275,6.1564889223382195,0.0,0.7059743046932082,1.0772746875194605,5.113678869192434,0.011223719804533799,-0.09110243547495527,0.0,448.2578697158074,448.0988063575684,446.44470087675785,446.9348786125068
3.0600000000000023,0.05364210353477322,1.231441346050146,19.111068333829895,0.03591764335001546,6.151206260553355,0.0,0.7880391807862565,1.098663130979233,5.159913307024033,0.014465296684758284,-0.08254274077733266,0.0,446.35033898332273,447.0420296859721,447.1234527446728,447.3873811156089
3.1200000000000023,0.10312142974980663,1.2979202271569903,19.419433554926414,0.03694546854835856,6.146318410723229,0.0,0.8616862172595016,1.1173740835185215,5.119001784812436,0.021988683299581355,-0.0793911192632275,0.0,419.4039987842473,419.67188483831296,418.6123363449441,419.266552711385
3.1800000000000024,0.1577623602023528,1.3657163958213856,19.730115837806974,0.03786200510912163,6.141428442591806,0.0,0.9600947079953163,1.1425901541468897,5.236394370373369,-0.0036116262266026235,-0.08608697647684235,0.0,469.73215374455435,469.2075343887861,470.54588636100743,468.55952246735643
3.2400000000000024,0.21797586266592442,1.4349222199135587,20.04479153970009,0.037708787269528976,6.136072340431404,0.0,1.047467581100492,1.1642378956496608,5.252588337274455,-0.0005172853419523492,-0.09653611196897703,0.0,439.8052577145956,438.931996233595,439.2771102024673,439.53372692118256
3.3000000000000025,0.2837229795781254,1.5054716894052982,20.36171972213846,0.037151867031503194,6.130647148390295,0.0,1.1445802723636662,1.1873703270072316,5.311256021515449,-0.03942754420928322,-0.08037234193778575,0.0,451.1076002163667,452.4043094597629,456.46570699684503,453.3494696098861
3.3600000000000025,0.3558837108049964,1.5775029536735732,20.685296476776347,0.03524015020559812,6.126171307880579,0.0,1.2611514305155576,1.2133906696322652,5.473711515101772,-0.01990827838574486,-0.06501785475108605,0.0,484.2437026652404,485.3935793452077,485.55971982600323,487.02172321131974
3.4200000000000026,0.43505792528458365,1.651036800148314,21.018127924889896,0.0338662087352688,6.122440528446315,0.0,1.3782638319741238,1.2375574574298867,5.619804026797018,-0.02967467870956263,-0.057036534534569555,0.0,482.227853173457,482.8279986520572,482.9986705294286,482.26142458677117
3.4800000000000026,0.520539010434985,1.7258208772004993,21.354814484069784,0.0318792363846212,6.119002340373905,0.0,1.4713832886385168,1.2550729675999601,5.603047831167168,-0.04108211110564533,-0.0578415100508803,0.0,433.2844977038022,433.21445261967017,434.9135652045278,433.9563914770945
3.5400000000000027,0.6117915660039224,1.8016420837872595,21.691257571141033,0.03023891150164193,6.115369181530953,0.0,1.5706446437575083,1.2721091196255132,5.6115516325735,-0.008631286969952695,-0.06661354164302545,0.0,442.1968701715801,441.47086819241315,441.07235395394076,443.74440732197735
3.6000000000000028,0.710435781330346,1.8787023217064254,22.03626627870871,0.02978978471975058,6.111623129859808,0.0,1.7177100697056826,1.2964468188336387,5.887128544597689,-0.005286886434468872,-0.05517021247315701,0.0,520.7476147950213,521.5453629191348,521.5465027635418,521.7801919375482
3.660000000000003,0.8170583733766712,1.9570509145346808,22.39241459772641,0.030188232740117726,6.108189464410449,0.0,1.8365860451509137,1.3151567767600698,5.983794688916902,0.023561729422518697,-0.06169592880436282,0.0,473.83757831095573,473.3335003848751,471.8070590511197,474.02952793832577
3.720000000000003,0.9301692378608368,2.036412649057281,22.750345823322178,0.03178319201779978,6.104986606688083,0.0,1.9340440243805648,1.330355616161845,5.947273547423858,0.032026587207111136,-0.04050036208551987,0.0,432.4252653606822,434.2053772086324,431.89920682661983,432.6128898748189
3.780000000000003,1.0489625725883802,2.1166760675295664,23.104919091914997,0.03369542985238816,6.102512377213344,0.0,2.0259414040189885,1.3452431246963954,5.872086335926939,0.031556939606280095,-0.04275260603436823,0.0,420.2946252282068,420.09832421237604,419.3566786001593,419.3163046550974
3.840000000000003,1.1741939321215111,2.1980270138658793,23.459842343063922,0.03534787489213631,6.099947401045814,0.0,2.148550257688757,1.366608368076263,5.95804345472282,0.017971664137060674,-0.04274359885894856,0.0,470.61345307319965,470.6132598397302,471.727352342604,470.67705819060416
3.900000000000003,1.306794145820323,2.280683288371887,23.819738203646764,0.0359070609878378,6.097344101124426,0.0,2.271568819661743,1.3886655672247474,6.037867182849707,-0.020000643580195685,-0.044709631175371134,0.0,470.0545527281995,469.9012033225518,472.1919860329432,469.2528842875525
3.960000000000003,1.4470778614850817,2.3647120029824844,24.18577955998494,0.03450274116191565,6.094594053818838,0.0,2.4046448000372833,1.412111179188833,6.162639580664581,-0.03127269656963734,-0.04818292141426486,0.0,485.75604768588636,485.49442699978334,484.85127061059615,484.00347243783204
4.020000000000002,1.5948337172865616,2.4500116425628415,24.556357490727496,0.033027807892969996,6.092106664682303,0.0,2.5206947021759363,1.431034989437724,6.18964173232471,-0.013758895620397105,-0.030587032043074988,0.0,456.0150932063337,457.4178865629299,456.7800149792522,458.1747608233999
4.080000000000001,1.7492621217533464,2.5363650727419373,24.926883153485985,0.03223763432387816,6.090793905450276,0.0,2.6270008923588075,1.4473353004694998,6.161236262080211,-0.012016221250423181,-0.008522563908600869,0.0,438.0551070045709,439.88642930830605,441.090407193427,441.23445233546397
4.14,1.9110487285562763,2.6238416569845193,25.30069102588483,0.031046231557845694,6.090355306041015,0.0,2.7656973445507664,1.468416753366468,6.298110230786961,-0.044129294109745254,-0.004988818577998091,0.0,489.476864296235,489.7399464136309,493.2589232676289,490.8811251861915
4.199999999999998,2.0811352223511634,2.7125467037279067,25.68262149134943,0.029987484620431992,6.090276277370933,0.0,2.9036269192494353,1.4882052726461308,6.432002456858932,0.010472197589837452,0.005167226508050038,0.0,490.724602496137,491.4781055789351,490.3518507001927,494.39198312531045
4.259999999999997,2.2583887536397187,2.8022557897067935,26.066987321843566,0.030666641449338172,6.090775053267585,0.0,3.0047546532942584,1.502149927723789,6.3803930864311225,0.012961785181053745,0.013960171979369855,0.0,435.78298588696094,436.5174532277828,436.4167254106182,436.6244113216626
4.319999999999996,2.4417114721858098,2.892816285099962,26.448396367760825,0.03171077947053025,6.091875465558925,0.0,3.1058754076375106,1.516607989662377,6.3334288932620515,0.025062617658394327,0.025909802291165015,0.0,437.58271402000474,438.57655484214393,436.22869890954337,437.2382061881673
4.379999999999995,2.631367268633031,2.9843139979603404,26.82855662934934,0.03430133036718441,6.093523666132759,0.0,3.215726993515122,1.5335029378875633,6.338462960338692,0.06566062671148382,0.03042043186159389,0.0,453.4855309129615,453.84796570134904,452.12381103256695,455.3846145249666
4.439999999999993,2.827680541178212,3.0768996974905205,27.209623418847745,0.0383830073257414,6.094979571882359,0.0,3.327749934405653,1.553047347283654,6.363511185448299,0.07238365864290389,0.007626237241143049,0.0,461.15813840767356,459.3537091801693,459.95533612736097,460.4908917737928
4.499999999999992,3.030107286177245,3.1706189723343923,27.58922093344028,0.04285854809637968,6.095832633301455,0.0,3.419723736891119,1.571282031356881,6.2900506817474495,0.07867724774542012,0.02491069221488701,0.0,428.56163686949384,430.0285938054841,428.6316900778997,429.1709176290144
4.559999999999991,3.238686437448881,3.265658731189859,27.967942443674346,0.04828001753147504,6.097236227350887,0.0,3.532604719320789,1.5971798200944518,6.333617219004778,0.10701438054431857,0.020171498413733634,0.0,465.2958164044928,464.9245837693252,465.51073787426964,467.7295251651247
4.6199999999999894,3.4538106914841484,3.3623140627369317,28.348313460759105,0.054707399681823254,6.0985838526349845,0.0,3.637948095594883,1.625233845370277,6.345204693681863,0.10733928093689023,0.026684347872151137,0.0,456.7690219774183,457.2882633765984,456.4624515685044,456.4981234021246
4.679999999999988,3.6747908393111666,3.4606454481869227,28.727141640440326,0.06167761949643946,6.100506802171051,0.0,3.7278559224568273,1.6530270881559344,6.282652123181519,0.12966495221645008,0.04105583021250058,0.0,433.45418812601605,434.6609940391212,431.66725305242574,433.5598323310029
4.739999999999987,3.900992446424,3.560719618271464,29.101578679113974,0.06985601696847166,6.102827724245309,0.0,3.8119723749470387,1.6834120071024132,6.198961061925866,0.1470564864958012,0.0334541706159768,0.0,425.75995001052735,425.10969196204644,425.2765240569628,426.78181689477526
4.799999999999986,4.132720205818684,3.662955902986994,29.473935095142483,0.07846357435567697,6.105074183351043,0.0,3.9119391349520196,1.725237284737754,6.212683760125125,0.13507876135103242,0.04441224424836753,0.0,455.8802217965377,456.75580951654945,457.30354334123365,456.3667200333281
4.859999999999984,4.370565291266181,3.767939487451873,29.8481449005639,0.08646017740279532,6.107406654568749,0.0,4.015794467203019,1.774947888970857,6.260546742116132,0.1294088480052573,0.024497135864452246,0.0,468.59932408926545,467.0489006382787,467.6369089224769,467.2103117464129
4.919999999999983,4.613814087128619,3.8756809585990433,30.22093650041382,0.09374052451810488,6.108469708130315,0.0,4.092364265781791,1.8170321896751387,6.166246934751796,0.09581873664252241,-0.0014521105358814724,0.0,424.50648006960586,422.2732331625166,423.68504750114437,420.7998346710758
4.979999999999982,4.862278695332339,3.986400682759796,30.591762018227726,0.09931797658805497,6.10857062829454,0.0,4.189624294538332,1.8741039064181018,6.19423731578406,0.08651892927153279,0.007310799339169458,0.0,460.4118673503819,461.10479470569805,462.85344458181095,462.12767897076395
5.0399999999999805,5.116423637533627,4.100570448004636,30.96352650766146,0.10434487925457514,6.10880610610862,0.0,4.281701807776828,1.9319753931458827,6.197710848240607,0.07765659838973606,-0.0038945204294866666,0.0,455.51267446929603,454.6154224348167,454.66651368795164,453.96128579836517
